0.56766   0.63383   0.08562
0.46846   0.64201   0.08034
0.59832   0.54882   0.24841
0.57924   0.56097   0.38023
0.65885   0.54333   0.24802
0.57321   0.49689   0.20368
0.60322   0.61323  -0.15921
0.58369   0.65728  -0.24579
0.58119   0.55977  -0.20295
0.66396   0.61152  -0.16110
0.61617   0.81767   0.16438
0.60799   0.71846   0.16965
0.70118   0.84832   0.00159
0.68903   0.82924  -0.13023
0.70667   0.90885   0.00198
0.75311   0.82321   0.04632
0.63677   0.85322   0.40921
0.59273   0.83369   0.49579
0.69023   0.83119   0.45296
0.63848   0.91396   0.41110
0.38383   0.68233   0.16438
0.39201   0.78154   0.16965
0.29882   0.65168   0.00159
0.31097   0.67076  -0.13023
0.29333   0.59115   0.00198
0.24689   0.67679   0.04632
0.36323   0.64678   0.40921
0.40727   0.66631   0.49579
0.30977   0.66881   0.45296
0.36152   0.58604   0.41110
0.43233   0.86617   0.08562
0.53154   0.85799   0.08035
0.40168   0.95118   0.24841
0.42076   0.93903   0.38023
0.34115   0.95667   0.24802
0.42679   1.00311   0.20368
0.39678   0.88677  -0.15921
0.41631   0.84273  -0.24579
0.41881   0.94023  -0.20296
0.33604   0.88848  -0.16110
0.56847   0.63204   0.07158
0.61762   0.81877   0.17842
0.38236   0.68125   0.17842
0.43155   0.86793   0.07159
0.46664   0.63846   0.08748
0.61041   0.71708   0.16086
0.38959   0.78293   0.16082
0.53328   0.86162   0.08794
0.60499   0.54302   0.22005
0.59565   0.62143  -0.18969
0.70747   0.85545   0.03280
0.62750   0.84503   0.44038
0.29237   0.64474   0.03286
0.37272   0.65497   0.44037
0.39482   0.95704   0.21954
0.40457   0.87848  -0.18980
0.58772   0.55141   0.37216
0.67250   0.53700   0.21314
0.57772   0.48479   0.16957
0.57292   0.67463  -0.27242
0.56771   0.56550  -0.25141
0.66288   0.61764  -0.21007
0.69958   0.83884  -0.11991
0.71388   0.92290   0.04131
0.76533   0.82765   0.08398
0.57376   0.82268   0.52184
0.68289   0.81629   0.50268
0.63197   0.91215   0.46199
0.30013   0.66154  -0.11978
0.28589   0.57729   0.04093
0.23455   0.67253   0.08440
0.42656   0.67735   0.52145
0.31740   0.68373   0.50298
0.36825   0.58786   0.46197
0.41186   0.94866   0.37180
0.32733   0.96308   0.21197
0.42219   1.01526   0.16922
0.42757   0.82538  -0.27248
0.43231   0.93459  -0.25122
0.33735   0.88206  -0.21049